112.738	0
233.319	274
235.493	1472
237.865	9664
238.126	13056
499.875	21248
500.094	29440
500.141	34776
616.073	42968
616.261	46360
732.270	54552
732.545	59392
849.572	60840
851.776	69032
851.931	72424
976.689	80616
976.981	85456
1008.131	86904
1097.186	95096
1097.310	97040
1332.690	105232
1332.942	113424
1333.021	121616
1333.070	121656
1404.118	123104
1447.919	131296
1448.105	131792
1449.854	133240
1522.089	136136
1565.320	144328
1565.554	146272
1641.001	147720
1692.747	149168
1695.659	154960
1704.928	156408
1707.514	157856
1725.046	160752
3021.257	163648
3332.506	165096
3335.528	166544
8924.867	167992
9165.423	170888
9165.671	172336
9348.347	180528
9348.478	183920
9471.995	189712
9665.068	191160
9669.598	195504
9873.877	202744
10078.833	210936
10079.077	211432
10283.359	219624
10288.893	220120
10473.481	228312
10473.544	228808
10591.066	233152
10591.908	234600
10696.248	237496
10900.005	245688
10900.189	247632
11103.515	255824
11103.772	257768
11308.099	265960
11308.345	267904
11512.014	276096
11512.295	279488
11716.734	280936
11920.537	289128
11920.722	291138
