112.101	0
233.133	274
233.561	8466
233.644	13056
348.823	14504
578.160	22696
578.349	30888
578.405	39080
578.454	47272
578.497	50704
690.404	58896
690.602	60840
802.470	68080
810.471	72424
919.674	76768
921.292	81112
925.892	84008
933.371	85456
1036.159	93648
1036.342	94144
1049.965	95592
1052.529	98488
1097.913	99936
1148.066	105728
1151.269	108624
1163.519	110072
1164.928	111520
1198.971	112968
1261.801	118760
1262.673	120208
1266.759	121656
1275.600	123104
1285.062	124552
1317.906	127448
1318.077	128896
1380.814	137088
1380.946	137584
1397.317	139032
1399.387	140480
1433.791	143376
1469.599	144824
1501.631	147720
1507.206	150616
1514.407	153512
1516.985	156408
1547.149	157856
1548.784	159304
1623.863	160752
1626.473	165096
1628.899	167992
1629.919	169440
1631.173	170888
1658.775	172336
1661.021	173784
1705.293	175232
1737.499	176680
1739.899	182472
1752.691	183920
1756.721	186816
1768.306	188264
1770.948	189712
1854.862	197904
1854.983	198400
1868.532	199848
1869.969	201296
1879.152	202744
1882.976	204192
1921.480	205640
1969.978	208536
1972.504	211432
1984.924	217224
1995.940	218672
2001.826	220120
2984.643	221568
3277.253	225912
3394.974	234104
3395.105	234600
3510.550	241840
3513.949	249080
3626.369	257272
3626.492	257768
3628.758	262112
3752.235	270304
3752.580	273696
3815.599	275144
3866.354	282384
3867.482	283832
3870.002	286728
3964.614	288176
3981.092	291072
3982.768	291138
