120.828	0
247.807	274
248.207	8466
248.282	13056
369.096	21248
369.325	28984
496.668	30432
499.686	38624
499.881	39120
624.245	40568
626.900	48760
627.115	50704
633.918	53600
637.621	55048
758.981	63240
759.233	66632
1011.315	74824
1011.541	83016
1011.595	91208
1011.648	94144
1017.375	95592
1022.162	97040
1137.528	102832
1138.025	104280
1150.229	108624
1270.724	114416
1279.377	118760
1280.397	120208
1359.135	121656
1397.105	126000
1397.284	127448
1411.371	134688
1524.351	140480
1561.911	148672
1562.030	149168
1657.999	154960
1694.483	157856
1696.668	163648
1792.493	170888
1818.145	172336
1820.576	178128
1820.917	179576
1918.165	185368
1943.692	188264
1946.282	194056
1985.868	195504
2045.320	199848
2046.321	201296
2071.457	204192
2075.790	209984
2323.370	218176
2323.610	226368
2323.692	234560
2323.742	238944
2419.258	241840
2452.703	250032
2452.822	250528
2538.756	251976
2623.818	260168
2623.851	263560
2659.045	265008
2660.303	266456
2704.546	274648
2704.599	275144
2724.508	276592
2740.933	278040
2791.137	280936
2832.226	283832
2837.399	286728
2851.385	289624
2866.008	291138
