121.742	0
247.738	274
248.214	8466
248.299	13056
368.274	21248
368.413	23192
369.313	27536
486.420	30432
488.684	38624
488.814	42016
525.938	43464
603.162	44912
610.039	53104
610.162	53600
612.286	57944
613.428	59392
700.680	60840
725.558	69032
725.719	75320
768.071	76768
840.585	84960
840.719	88352
841.231	91248
880.644	92696
887.497	94144
966.252	102336
966.433	104280
967.158	108624
995.350	110072
1011.950	114416
1091.359	122608
1091.488	128896
1128.634	130344
1131.872	136136
1207.446	144328
1207.628	146272
1213.438	150616
1247.217	153512
1249.730	156408
1287.677	157856
1289.133	159304
1328.749	167496
1328.934	170888
1348.650	172336
1351.942	173784
1361.035	175232
1365.262	179576
1369.945	181024
1407.152	183920
1451.609	189712
1453.704	194056
1455.569	195504
1465.237	196952
1473.127	198400
1486.082	199848
1488.599	205640
1523.222	209984
1569.982	211432
1576.956	215776
1580.749	221568
1585.335	223016
1588.617	225912
1603.422	231704
1639.494	234600
1641.858	237496
1689.487	238944
1692.109	240392
1829.630	248584
1829.760	256776
1829.823	264968
1829.874	273160
1829.924	281352
1829.965	282384
1830.704	283832
1950.294	285280
1953.122	291138
