173.650	0
379.842	274
382.021	8466
382.169	13056
551.539	15952
552.926	24144
553.102	27536
675.766	35728
676.004	39120
800.990	44912
802.977	53104
803.151	53600
994.675	61792
994.928	69528
1198.105	77720
1198.272	85456
1312.730	93648
1312.923	97040
1315.560	101384
1429.303	102832
1432.143	111024
1432.268	111520
1434.417	115864
1470.491	117312
1562.004	124552
1568.589	131792
1638.268	133240
1686.084	137584
1688.360	145776
1688.485	147720
1788.400	149168
1799.445	150616
1800.423	152064
1814.647	160256
1814.771	163648
1910.603	166544
1911.469	167992
1933.286	176184
1933.488	179576
1963.254	181024
2019.752	182472
2025.451	183920
2043.486	192112
2043.609	194056
2048.108	195504
2073.765	196952
2075.723	198400
2139.118	199848
2141.841	201296
2158.345	208536
2159.258	209984
2438.817	214328
2504.734	222520
2504.800	225912
2554.436	234104
2554.485	240392
2555.831	241840
2559.470	243288
2574.385	247632
2669.195	253424
2672.571	254872
2676.354	256320
2717.622	257768
2719.876	259216
2723.280	260664
2727.418	262112
2779.220	267904
2780.517	269352
2782.788	270800
2827.319	275144
2829.875	276592
2872.023	278040
2893.167	286232
2893.302	286728
2940.975	291072
2946.828	291138
