121.839	0
262.012	274
264.300	1472
272.293	9664
272.472	13056
375.080	14504
375.305	15952
376.598	17400
380.784	25592
380.905	31880
382.615	39120
382.901	42016
484.821	44912
485.266	46360
487.589	47808
492.820	49256
502.687	50704
620.536	58896
620.670	67088
620.753	75280
620.810	83472
620.856	91664
620.903	99856
620.968	108048
621.020	111520
626.055	114416
739.216	122608
739.436	123104
852.298	127448
866.865	128896
869.147	134688
965.264	140480
979.822	146272
986.276	152064
988.620	154960
990.149	157856
1082.720	159304
1089.398	162200
1096.196	167992
1218.500	176184
1218.728	184376
1218.790	192568
1218.844	200760
1218.893	208952
1218.933	212880
1220.778	221072
1220.900	224464
1307.080	225912
1313.786	227360
1336.591	228808
1542.231	237000
1542.503	243288
1560.626	244736
1572.410	246184
1575.508	247632
1662.968	250528
1673.131	251976
1674.444	253424
1691.375	254872
1703.311	256320
1777.550	259216
1785.550	260664
1789.324	262112
1805.414	263560
1816.438	265008
1901.922	267904
1904.286	270800
1919.594	272248
1930.096	273696
1933.325	275144
2014.671	276592
2016.378	278040
2022.141	280936
2043.135	282384
2051.101	283832
2083.126	285280
2127.829	286728
2131.106	288176
2133.339	289624
2135.574	291072
2169.871	291138
