118.785	0
249.541	274
249.949	8466
250.031	13056
372.870	21248
372.998	27536
374.926	35728
375.053	39120
399.122	40568
399.306	42016
498.255	50208
498.478	58400
498.535	62288
500.292	70480
500.417	70976
504.493	75320
506.661	79664
525.474	82560
560.457	84008
567.593	85456
640.251	93648
640.378	101840
640.427	105728
642.408	113920
642.538	121656
644.544	128896
652.736	131792
655.550	134688
688.409	139032
776.792	147224
776.978	155416
777.027	159304
777.509	163648
787.590	171840
787.731	180032
787.821	188224
787.872	196416
787.916	204608
787.954	208536
808.713	209984
812.036	217224
896.985	225416
897.109	233152
900.952	241344
901.077	249536
901.122	253424
906.240	261616
906.430	267904
908.236	276096
908.333	280936
914.375	288176
935.346	291138
