1121.127	0
1264.083	274
1264.500	1448
1772.054	1472
1886.923	7264
2002.049	15456
2002.249	17400
2119.764	25592
2119.980	28984
2229.882	30432
2232.376	31880
2234.862	40072
2234.984	40568
2341.230	42016
2345.506	43464
2348.038	46360
2350.188	53600
2458.906	55048
2468.157	56496
2586.235	64688
2586.336	72880
2586.377	73872
2706.681	79664
2707.087	81112
2710.633	84008
2826.882	92200
2827.008	95592
2946.185	97040
2958.069	98488
2960.483	99936
2966.323	102832
2966.508	104280
2968.612	105728
2970.913	107176
3078.180	110072
3082.488	111520
3085.038	117312
3087.317	118760
3088.696	120208
3208.082	123104
3324.441	131296
3324.620	139488
3324.666	140480
3439.577	141928
3443.183	149168
3446.652	150616
3684.671	158808
3684.873	167000
3684.924	167992
3803.190	175232
3852.467	176680
3933.501	181024
3936.563	183920
3971.603	185368
4053.244	192608
4089.071	194056
4090.331	195504
4170.644	201296
4177.564	202744
4209.667	204192
4209.815	205640
4293.623	209984
4487.433	218176
4487.638	223016
4531.546	224464
4573.850	225912
4575.463	227360
4606.477	228808
4660.263	230256
4663.831	231704
4701.048	233152
4703.327	234600
4725.243	236048
4727.836	237496
4952.059	245688
4952.300	246184
5243.275	254376
5243.443	259216
5370.849	266456
5509.460	270800
5760.742	272248
5884.760	280440
5884.882	280936
5893.164	283832
6008.493	285280
6019.923	288176
6021.458	289624
6382.789	291138
