107.018	0
990.301	274
990.708	1448
1277.757	4368
2059.542	5816
2272.370	14008
2272.614	22200
2272.672	30392
2272.715	30432
2375.044	37672
2478.044	44912
2583.012	50704
2620.372	53600
2687.200	57944
2688.791	59392
2720.825	60840
2730.093	62288
2787.531	63736
2790.352	68080
2831.020	69528
2831.952	70976
2891.861	76768
2934.067	81112
2991.385	82560
2993.826	85456
2995.687	86904
3036.070	88352
3036.967	89800
3082.894	91248
3098.302	92696
3100.854	97040
3139.765	98488
3142.865	99936
3203.091	101384
3206.892	104280
3208.875	105728
3244.272	107176
3249.274	111520
3312.631	112968
3316.513	115864
3321.107	117312
3357.886	121656
3561.950	123104
3587.358	131296
3587.473	136136
3610.448	137584
3699.785	140480
3708.632	143376
3709.642	144824
3717.702	146272
3804.018	147720
3806.980	149168
3817.226	153512
3818.031	154960
3821.314	156408
3907.641	157856
3918.653	159304
3920.651	160752
3923.394	163648
3924.382	165096
3926.579	166544
4020.937	170888
4024.232	172336
4026.393	175232
4028.777	176680
4232.601	184872
4232.926	192608
4280.358	194056
4331.451	195504
4335.477	196952
4338.507	199848
4342.881	201296
4559.777	209488
4559.995	214328
4573.825	215776
4666.862	217224
4680.950	220120
4685.336	223016
4909.572	231208
4909.788	233152
5021.326	234600
5023.463	236048
5029.552	237496
5135.814	238944
5138.070	243288
5251.513	247632
5251.713	249080
5488.088	256320
5772.613	264512
5772.829	265008
5909.592	269352
5912.427	270800
6029.890	278040
6148.931	280936
6152.013	282384
6155.011	283832
6162.400	285280
6283.738	291072
6291.399	291138
