108.572	0
230.649	274
231.134	8466
231.221	13056
346.099	15952
347.250	24144
347.369	27536
458.036	33328
459.107	39120
459.504	40568
480.954	43464
571.239	51656
571.369	52152
574.750	56496
606.178	60840
685.303	69032
685.485	69528
703.289	72424
703.817	73872
715.744	75320
720.611	78216
946.704	86408
946.900	94600
946.957	102792
947.009	110984
947.063	111520
1027.039	115864
1053.383	121656
1058.537	124552
1133.240	128896
1165.526	134688
1197.619	139032
1202.617	140480
1243.402	144824
1271.774	149168
1493.377	150616
1534.524	152064
1581.341	160256
1581.475	168448
1581.606	176640
1581.658	181024
1601.188	182472
1609.630	185368
1612.043	186816
1691.528	191160
1939.757	195504
1967.391	203696
1967.515	211888
1967.560	218672
1989.890	220120
2056.629	221568
2061.744	223016
2064.247	224464
2083.222	228808
2102.018	230256
2103.101	231704
2176.379	233152
2177.001	234600
2187.877	236048
2199.474	238944
2200.922	241840
2223.492	243288
2223.987	244736
2292.176	247632
2301.693	249080
2315.636	253424
2349.391	256320
2381.294	257768
2405.959	259216
2407.957	260664
2671.349	268856
2671.576	277048
2671.641	285240
2671.692	288176
2680.389	289624
2701.847	291138
